Измерение напряжения:
0.21999999999999997
0.2717647058823529
0.3105882352941176
0.36235294117647054
0.40117647058823525
0.45294117647058824
0.4917647058823529
0.5305882352941177
0.5694117647058823
0.6082352941176471
0.66
0.6858823529411765
0.7247058823529411
0.7635294117647059
0.8023529411764705
0.8152941176470588
0.8670588235294118
0.9188235294117647
0.9447058823529411
0.9835294117647058
1.0223529411764705
1.048235294117647
1.0870588235294116
1.1258823529411763
1.1517647058823528
1.1905882352941175
1.2164705882352942
1.2552941176470587
1.2811764705882354
1.32
1.3329411764705883
1.3847058823529412
1.3976470588235292
1.4364705882352942
1.4623529411764704
1.488235294117647
1.5141176470588233
1.54
1.5658823529411763
1.591764705882353
1.604705882352941
1.643529411764706
1.643529411764706
1.6952941176470586
1.7211764705882353
1.7470588235294118
1.772941176470588
1.811764705882353
1.8376470588235294
1.8505882352941176
1.8894117647058821
1.9152941176470588
1.9541176470588235
1.9670588235294115
2.005882352941176
2.018823529411765
2.044705882352941
2.0576470588235294
2.083529411764706
2.109411764705882
2.148235294117647
2.1611764705882353
2.1870588235294117
2.2129411764705877
2.2258823529411766
2.2517647058823527
2.264705882352941
2.2905882352941176
2.3164705882352936
2.3294117647058825
2.3552941176470585
2.368235294117647
2.381176470588235
2.3941176470588235
2.4199999999999995
2.4329411764705884
2.4458823529411764
2.458823529411765
2.471764705882353
2.484705882352941
2.5235294117647054
2.5235294117647054
2.5364705882352943
2.5623529411764707
2.5752941176470587
2.5752941176470587
2.5882352941176467
2.601176470588235
2.601176470588235
2.6270588235294117
2.6270588235294117
2.64
2.64
2.64
2.652941176470588
